frame_number,intended_vsync_ns,expected_start_ns,expected_end_ns,actual_present_ns,is_jank,delay_ms
9420410,949922553326908,949922553326908,949922569926908,949922569922857,0,-0.004051
9420447,949922586752408,949922586752408,949922603352408,949922603346318,0,-0.006090
9420484,949922620180042,949922620180042,949922636780042,949922636783615,0,0.003573
9420521,949922653607217,949922653607217,949922670207217,949922670213343,0,0.006126
9420558,949922687035780,949922687035780,949922703635780,949922703640508,0,0.004728
9420595,949922720464676,949922720464676,949922737064676,949922737063684,0,-0.000992
9420632,949922753893098,949922753893098,949922770493098,949922770491867,0,-0.001231
9420669,949922787319839,949922787319839,949922803919839,949922803919235,0,-0.000604
9420706,949922820748486,949922820748486,949922837348486,949922837341721,0,-0.006765
9420743,949922854177677,949922854177677,949922870777677,949922870766932,0,-0.010745
9420780,949922887604240,949922887604240,949922904204240,949922904200241,0,-0.003999
9420817,949922921031784,949922921031784,949922937631784,949922937618128,0,-0.013656
9420854,949922954459143,949922954459143,949922971059143,949922971044276,0,-0.014867
9420892,949922987884263,949922987884263,949923004484263,949923004474777,0,-0.009486
9420929,949923021308449,949923021308449,949923037908449,949923037916875,0,0.008426
9420966,949923054736422,949923054736422,949923071336422,949923071333826,0,-0.002596
9421003,949923088164764,949923088164764,949923104764764,949923104756841,0,-0.007923
9421040,949923121590307,949923121590307,949923138190307,949923138182215,0,-0.008092
9421077,949923155015513,949923155015513,949923171615513,949923171628993,0,0.013480
9421114,949923188440986,949923188440986,949923205040986,949923205078049,0,0.037063
9421151,949923221870947,949923221870947,949923238470947,949923238557500,0,0.086553
9421176,949923255305100,949923255305100,949923271905100,949923271993373,0,0.088273
9421189,949923288750026,949923288750026,949923305350026,949923305356125,0,0.006099
9421202,949923322194746,949923322194746,949923338794746,949923338796677,0,0.001931
9421240,949923355625145,949923355625145,949923372225145,949923372250656,0,0.025511
9421278,949923389058223,949923389058223,949923405658223,949923405674647,0,0.016424
9421297,949923405780837,949923405780837,949923422380837,949923422362879,0,-0.017958
9421353,949923455932233,949923455932233,949923472532233,949923472515956,0,-0.016277
9421372,949923472646430,949923472646430,949923489246430,949923489220791,0,-0.025639
9421409,949923506077494,949923506077494,949923522677494,949923522657843,0,-0.019651
9421446,949923539506210,949923539506210,949923556106210,949923556068202,0,-0.038008
9421483,949923572935767,949923572935767,949923589535767,949923589489426,0,-0.046341
9421520,949923606361355,949923606361355,949923622961355,949923622909511,0,-0.051844
9421545,949923639783605,949923639783605,949923656383605,949923656333623,0,-0.049982
9421582,949923673203416,949923673203416,949923689803416,949923689753912,0,-0.049504
9421619,949923706622135,949923706622135,949923723222135,949923723188605,0,-0.033530
9421656,949923740040770,949923740040770,949923756640770,949923756609909,0,-0.030861
9421693,949923773459278,949923773459278,949923790059278,949923790031947,0,-0.027331
9421730,949923806875712,949923806875712,949923823475712,949923823449549,0,-0.026163
9421767,949923840290216,949923840290216,949923856890216,949923856873216,0,-0.017000
9421804,949923873704935,949923873704935,949923890304935,949923890296149,0,-0.008786
9421841,949923907122108,949923907122108,949923923722108,949923923741298,0,0.019190
9421854,949923940546010,949923940546010,949923957146010,949923957261195,0,0.115185
9421867,949923973976678,949923973976678,949923990576678,949923990581102,0,0.004424
9421904,949924007420633,949924007420633,949924024020633,949924024001471,0,-0.019162
9421941,949924040841459,949924040841459,949924057441459,949924057448695,0,0.007236
9421978,949924074265052,949924074265052,949924090865052,949924090873703,0,0.008651
9422015,949924107693831,949924107693831,949924124293831,949924124307175,0,0.013344
9422052,949924141119825,949924141119825,949924157719825,949924157742112,0,0.022287
9422089,949924174549425,949924174549425,949924191149425,949924191179571,0,0.030146
9422126,949924207980140,949924207980140,949924224580140,949924224609462,0,0.029322
9422163,949924241414753,949924241414753,949924258014753,949924258056850,0,0.042097
9422200,949924274847976,949924274847976,949924291447976,949924291493455,0,0.045479
9422237,949924308285115,949924308285115,949924324885115,949924324933070,0,0.047955
9422274,949924341722828,949924341722828,949924358322828,949924358367234,0,0.044406
9422311,949924375162046,949924375162046,949924391762046,949924391818162,0,0.056116
9422348,949924408600837,949924408600837,949924425200837,949924425237759,0,0.036922
9422385,949924442044589,949924442044589,949924458644589,949924458664475,0,0.019886
9422422,949924475484359,949924475484359,949924492084359,949924492094529,0,0.010170
9422459,949924508921957,949924508921957,949924525521957,949924525517991,0,-0.003966
9422496,949924542357421,949924542357421,949924558957421,949924559004360,0,0.046939
9422534,949924575789862,949924575789862,949924592389862,949924592386969,0,-0.002893
9422553,949924592515893,949924592515893,949924609115893,949924609111213,0,-0.004680
9422590,949924625948533,949924625948533,949924642548533,949924642543870,0,-0.004663
9422627,949924659394133,949924659394133,949924675994133,949924675956834,0,-0.037299
9422664,949924692827179,949924692827179,949924709427179,949924709391322,0,-0.035857
9422701,949924726254071,949924726254071,949924742854071,949924742828497,0,-0.025574
9422738,949924759682721,949924759682721,949924776282721,949924776267583,0,-0.015138
9422793,949924809827984,949924809827984,949924826427984,949924826451830,0,0.023846
9422830,949924843257259,949924843257259,949924859857259,949924859871711,0,0.014452
9422849,949924859977653,949924859977653,949924876577653,949924876599615,0,0.021962
9422886,949924893411524,949924893411524,949924910011524,949924910025641,0,0.014117
9422941,949924943563392,949924943563392,949924960163392,949924960157680,0,-0.005712
9422978,949924976998287,949924976998287,949924993598287,949924993617518,0,0.019231
9422997,949924993712701,949924993712701,949925010312701,949925010318121,0,0.005420
9423034,949925027150440,949925027150440,949925043750440,949925043776821,0,0.026381
9423071,949925060584531,949925060584531,949925077184531,949925077199712,0,0.015181
9423108,949925094026161,949925094026161,949925110626161,949925110626796,0,0.000635
9423121,949925127463573,949925127463573,949925144063573,949925144063564,0,-0.000009
9423134,949925160898809,949925160898809,949925177498809,949925177497605,0,-0.001204
9423147,949925194334204,949925194334204,949925210934204,949925210932379,0,-0.001825
9423160,949925227767928,949925227767928,949925244367928,949925244364996,0,-0.002932
9423185,949925261208153,949925261208153,949925277808153,949925277790696,0,-0.017457
9423222,949925294642210,949925294642210,949925311242210,949925311246303,0,0.004093
9423259,949925328075235,949925328075235,949925344675235,949925344666754,0,-0.008481
9423296,949925361512775,949925361512775,949925378112775,949925378120409,0,0.007634
9423333,949925394944168,949925394944168,949925411544168,949925411545375,0,0.001207
9423370,949925428379258,949925428379258,949925444979258,949925444994919,0,0.015661
9423407,949925461812102,949925461812102,949925478412102,949925478452155,0,0.040053
9423444,949925495247997,949925495247997,949925511847997,949925511861782,0,0.013785
9423481,949925528692943,949925528692943,949925545292943,949925545293423,0,0.000480
9423518,949925562129856,949925562129856,949925578729856,949925578738816,0,0.008960
9423555,949925595567222,949925595567222,949925612167222,949925612159512,0,-0.007710
9423592,949925629005946,949925629005946,949925645605946,949925645593146,0,-0.012800
9423629,949925662438842,949925662438842,949925679038842,949925679046962,0,0.008120
9423666,949925695873844,949925695873844,949925712473844,949925712480191,0,0.006347
9423704,949925729310994,949925729310994,949925745910994,949925745926601,0,0.015607
9423741,949925762750481,949925762750481,949925779350481,949925779359910,0,0.009429
9423778,949925796190653,949925796190653,949925812790653,949925812821378,0,0.030725
9423815,949925829628988,949925829628988,949925846228988,949925846266894,0,0.037906
9423853,949925863072630,949925863072630,949925879672630,949925879707974,0,0.035344
9423891,949925896517605,949925896517605,949925913117605,949925913141649,0,0.024044
9423910,949925913243256,949925913243256,949925929843256,949925929863288,0,0.020032
9423966,949925963405312,949925963405312,949925980005312,949925980020759,0,0.015447
9423985,949925980127415,949925980127415,949925996727415,949925996746996,0,0.019581
9424010,949926013570933,949926013570933,949926030170933,949926030188971,0,0.018038
9424023,949926047013386,949926047013386,949926063613386,949926063629644,0,0.016258
9424048,949926080458011,949926080458011,949926097058011,949926097104825,0,0.046814
9424085,949926113901259,949926113901259,949926130501259,949926130528978,0,0.027719
9424122,949926147353317,949926147353317,949926163953317,949926163961107,0,0.007790
9424159,949926180803809,949926180803809,949926197403809,949926197396734,0,-0.007075
9424196,949926214248686,949926214248686,949926230848686,949926230846402,0,-0.002284
9424233,949926247691292,949926247691292,949926264291292,949926264305426,0,0.014134
9424270,949926281136091,949926281136091,949926297736091,949926297743659,0,0.007568
9424283,949926314582033,949926314582033,949926331182033,949926331171230,0,-0.010803
9424308,949926348025399,949926348025399,949926364625399,949926364618903,0,-0.006496
9424333,949926381467016,949926381467016,949926398067016,949926398044197,0,-0.022819
9424346,949926414908137,949926414908137,949926431508137,949926431504646,0,-0.003491
9424359,949926448346265,949926448346265,949926464946265,949926464908331,0,-0.037934
9424384,949926481787060,949926481787060,949926498387060,949926498347907,0,-0.039153
9424421,949926515221486,949926515221486,949926531821486,949926531779060,0,-0.042426
9424458,949926548656849,949926548656849,949926565256849,949926565205410,0,-0.051439
9424495,949926582090266,949926582090266,949926598690266,949926598660366,0,-0.029900
9424532,949926615519959,949926615519959,949926632119959,949926632097256,0,-0.022703
9424569,949926648953834,949926648953834,949926665553834,949926665527310,0,-0.026524
9424606,949926682386744,949926682386744,949926698986744,949926698959358,0,-0.027386
9424643,949926715818224,949926715818224,949926732418224,949926732400927,0,-0.017297
9424680,949926749248560,949926749248560,949926765848560,949926765849657,0,0.001097
9424717,949926782679792,949926782679792,949926799279792,949926799303189,0,0.023397
9424754,949926816118128,949926816118128,949926832718128,949926832735318,0,0.017190
9424791,949926849558173,949926849558173,949926866158173,949926866177741,0,0.019568
9424828,949926882995881,949926882995881,949926899595881,949926899621996,0,0.026115
9424865,949926916434077,949926916434077,949926933034077,949926933070116,0,0.036039
9424902,949926949874582,949926949874582,949926966474582,949926966525194,0,0.050612
9424939,949926983320026,949926983320026,949926999920026,949926999943936,0,0.023910
9424977,949927016768755,949927016768755,949927033368755,949927033421394,0,0.052639
9425015,949927050212074,949927050212074,949927066812074,949927066844653,0,0.032579
9425053,949927083664778,949927083664778,949927100264778,949927100303108,0,0.038330
9425060,949927100391509,949927100391509,949927116991509,949927117003262,0,0.011753
9425097,949927133844620,949927133844620,949927150444620,949927150471972,0,0.027352
9425134,949927167289193,949927167289193,949927183889193,949927184000170,0,0.110977
9425171,949927200739352,949927200739352,949927217339352,949927217346199,0,0.006847
9425208,949927234206645,949927234206645,949927250806645,949927250817512,0,0.010867
9425245,949927267650098,949927267650098,949927284250098,949927284265104,0,0.015006
9425282,949927301101247,949927301101247,949927317701247,949927317713630,0,0.012383
9425319,949927334552300,949927334552300,949927351152300,949927351142301,0,-0.009999
9425356,949927368002264,949927368002264,949927384602264,949927384581143,0,-0.021121
9425393,949927401446915,949927401446915,949927418046915,949927418026049,0,-0.020866
9425430,949927434889532,949927434889532,949927451489532,949927451457649,0,-0.031883
9425467,949927468332610,949927468332610,949927484932610,949927484914639,0,-0.017971
9425504,949927501773911,949927501773911,949927518373911,949927518363940,0,-0.009971
9425541,949927535216525,949927535216525,949927551816525,949927551809699,0,-0.006826
9425578,949927568659558,949927568659558,949927585259558,949927585255907,0,-0.003651
9425615,949927602102613,949927602102613,949927618702613,949927618713549,0,0.010936
9425652,949927635546081,949927635546081,949927652146081,949927652158414,0,0.012333
9425689,949927668993619,949927668993619,949927685593619,949927685596444,0,0.002825
9425726,949927702437521,949927702437521,949927719037521,949927719034879,0,-0.002642
9425763,949927735883545,949927735883545,949927752483545,949927752476204,0,-0.007341
9425800,949927769325352,949927769325352,949927785925352,949927785922249,0,-0.003103
9425837,949927802767912,949927802767912,949927819367912,949927819364143,0,-0.003769
9425874,949927836207770,949927836207770,949927852807770,949927852828620,0,0.020850
9425911,949927869649840,949927869649840,949927886249840,949927886281014,0,0.031174
9425948,949927903106964,949927903106964,949927919706964,949927919728279,0,0.021315
9425985,949927936553988,949927936553988,949927953153988,949927953180021,0,0.026033
9426022,949927970004321,949927970004321,949927986604321,949927986635912,0,0.031591
9426059,949928003456338,949928003456338,949928020056338,949928020072761,0,0.016423
9426096,949928036910631,949928036910631,949928053510631,949928053522509,0,0.011878
9426121,949928070361103,949928070361103,949928086961103,949928086971280,0,0.010177
9426134,949928103811081,949928103811081,949928120411081,949928120939338,0,0.528257
9426147,949928137261059,949928137261059,949928153861059,949928153860033,0,-0.001026
9426160,949928170820588,949928170820588,949928187420588,949928187296475,0,-0.124113
9426197,949928204259282,949928204259282,949928220859282,949928220747648,0,-0.111634
9426222,949928237695928,949928237695928,949928254295928,949928254183886,0,-0.112042
9426235,949928271133424,949928271133424,949928287733424,949928287646492,0,-0.086932
9426272,949928304568288,949928304568288,949928321168288,949928321082853,0,-0.085435
9426310,949928338008645,949928338008645,949928354608645,949928354534553,0,-0.074092
9426348,949928371446430,949928371446430,949928388046430,949928387966154,0,-0.080276
9426367,949928388159354,949928388159354,949928404759354,949928404686857,0,-0.072497
9426404,949928421593199,949928421593199,949928438193199,949928438115201,0,-0.077998
9426441,949928455026294,949928455026294,949928471626294,949928471564583,0,-0.061711
9426478,949928488455271,949928488455271,949928505055271,949928504994881,0,-0.060390
9426515,949928521883952,949928521883952,949928538483952,949928538519416,0,0.035464
9426552,949928555311246,949928555311246,949928571911246,949928571875985,0,-0.035261
9426589,949928588756099,949928588756099,949928605356099,949928605311654,0,-0.044445
9426626,949928622181424,949928622181424,949928638781424,949928638753141,0,-0.028283
9426663,949928655605920,949928655605920,949928672205920,949928672193693,0,-0.012227
9426700,949928689031865,949928689031865,949928705631865,949928705625252,0,-0.006613
9426737,949928722456716,949928722456716,949928739056716,949928739064338,0,0.007622
9426774,949928755880303,949928755880303,949928772480303,949928772507780,0,0.027477
9426811,949928789304546,949928789304546,949928805904546,949928805937345,0,0.032799
9426848,949928822801149,949928822801149,949928839401149,949928839365691,0,-0.035458
9426885,949928856234109,949928856234109,949928872834109,949928872810718,0,-0.023391
9426922,949928889664010,949928889664010,949928906264010,949928906250700,0,-0.013310
9426959,949928923096699,949928923096699,949928939696699,949928939686329,0,-0.010370
9426996,949928956529292,949928956529292,949928973129292,949928973161954,0,0.032662
9427033,949928989964296,949928989964296,949929006564296,949929006582690,0,0.018394
9427070,949929023407399,949929023407399,949929040007399,949929039999886,0,-0.007513
9427107,949929056847659,949929056847659,949929073447659,949929073475024,0,0.027365
9427144,949929090282598,949929090282598,949929106882598,949929107012336,0,0.129738
9427181,949929123725717,949929123725717,949929140325717,949929140342781,0,0.017064
9427218,949929157188479,949929157188479,949929173788479,949929173769296,0,-0.019183
9427255,949929190627005,949929190627005,949929207227005,949929207218352,0,-0.008653
9427292,949929224062154,949929224062154,949929240662154,949929240649341,0,-0.012813
9427329,949929257510619,949929257510619,949929274110619,949929274093880,0,-0.016739
9427366,949929290947950,949929290947950,949929307547950,949929307525928,0,-0.022022
9427403,949929324385916,949929324385916,949929340985916,949929340966602,0,-0.019314
9427440,949929357823181,949929357823181,949929374423181,949929374412239,0,-0.010942
9427477,949929391260645,949929391260645,949929407860645,949929407850797,0,-0.009848
9427514,949929424699002,949929424699002,949929441299002,949929441286711,0,-0.012291
9427551,949929458137044,949929458137044,949929474737044,949929474726122,0,-0.010922
9427588,949929491574905,949929491574905,949929508174905,949929508168547,0,-0.006358
9427625,949929525011506,949929525011506,949929541611506,949929541600187,0,-0.011319
9427662,949929558447222,949929558447222,949929575047222,949929575039437,0,-0.007785
9427699,949929591882139,949929591882139,949929608482139,949929608473071,0,-0.009068
9427736,949929625316708,949929625316708,949929641916708,949929641919401,0,0.002693
9427749,949929658749835,949929658749835,949929675349835,949929675373137,0,0.023302
9427787,949929692188871,949929692188871,949929708788871,949929708815153,0,0.026282
9427825,949929725629509,949929725629509,949929742229509,949929742250741,0,0.021232
9427851,949929759067485,949929759067485,949929775667485,949929775719207,0,0.051722
9427877,949929792508890,949929792508890,949929809108890,949929809151294,0,0.042404
9427915,949929825969604,949929825969604,949929842569604,949929842594206,0,0.024602
9427934,949929842695554,949929842695554,949929859295554,949929859317473,0,0.021919
9427971,949929876140382,949929876140382,949929892740382,949929892762704,0,0.022322
9428008,949929909586537,949929909586537,949929926186537,949929926199959,0,0.013422
9428045,949929943032435,949929943032435,949929959632435,949929959703581,0,0.071146
9428082,949929976477922,949929976477922,949929993077922,949929993057666,0,-0.020256
9428119,949930009935312,949930009935312,949930026535312,949930026493823,0,-0.041489
9428156,949930043373244,949930043373244,949930059973244,949930059942595,0,-0.030649
9428181,949930076810791,949930076810791,949930093410791,949930093376799,0,-0.033992
9428218,949930110249921,949930110249921,949930126849921,949930126798633,0,-0.051288
9428255,949930143686953,949930143686953,949930160286953,949930160237884,0,-0.049069
9428292,949930177119738,949930177119738,949930193719738,949930193663176,0,-0.056562
9428329,949930210552782,949930210552782,949930227152782,949930227101896,0,-0.050886
9428384,949930260701472,949930260701472,949930277301472,949930277257089,0,-0.044383
9428403,949930277410139,949930277410139,949930294010139,949930293974212,0,-0.035927
9428446,949930327556137,949930327556137,949930344156137,949930344145150,0,-0.010987
9428453,949930344264862,949930344264862,949930360864862,949930360822396,0,-0.042466
9428466,949930377697651,949930377697651,949930394297651,949930394264209,0,-0.033442
9428479,949930411122012,949930411122012,949930427722012,949930427694996,0,-0.027016
9428492,949930444547454,949930444547454,949930461147454,949930461134530,0,-0.012924
9428505,949930477975831,949930477975831,949930494575831,949930494566619,0,-0.009212
9428518,949930511404927,949930511404927,949930528004927,949930528013232,0,0.008305
9428531,949930544834545,949930544834545,949930561434545,949930561473967,0,0.039422
9428544,949930578267181,949930578267181,949930594867181,949930594883432,0,0.016251
9428569,949930611706617,949930611706617,949930628306617,949930628314258,0,0.007641
9428606,949930645140875,949930645140875,949930661740875,949930661751635,0,0.010760
9428643,949930678583628,949930678583628,949930695183628,949930695199512,0,0.015884
9428680,949930712017601,949930712017601,949930728617601,949930728628712,0,0.011111
9428717,949930745454667,949930745454667,949930762054667,949930762062143,0,0.007476
9428754,949930778892348,949930778892348,949930795492348,949930795497608,0,0.005260
9428791,949930812329711,949930812329711,949930828929711,949930828961150,0,0.031439
9428828,949930845765643,949930845765643,949930862365643,949930862382699,0,0.017056
9428865,949930879208258,949930879208258,949930895808258,949930895845306,0,0.037048
9428902,949930912646595,949930912646595,949930929246595,949930929268889,0,0.022294
9428940,949930946090904,949930946090904,949930962690904,949930962719654,0,0.028750
9428978,949930979532191,949930979532191,949930996132191,949930996156706,0,0.024515
9429016,949931012976407,949931012976407,949931029576407,949931029597055,0,0.020648
9429054,949931046422187,949931046422187,949931063022187,949931063017424,0,-0.004763
9429073,949931063144535,949931063144535,949931079744535,949931079744068,0,-0.000467
9429129,949931113301866,949931113301866,949931129901866,949931129913909,0,0.012043
9429148,949931130021514,949931130021514,949931146621514,949931146632252,0,0.010738
9429185,949931163462902,949931163462902,949931180062902,949931180065317,0,0.002415
9429222,949931196903595,949931196903595,949931213503595,949931213502858,0,-0.000737
9429259,949931230343737,949931230343737,949931246943737,949931246938364,0,-0.005373
9429297,949931263786620,949931263786620,949931280386620,949931280366017,0,-0.020603
9429334,949931297225468,949931297225468,949931313825468,949931313830820,0,0.005352
9429371,949931330660899,949931330660899,949931347260899,949931347256520,0,-0.004379
9429408,949931364101735,949931364101735,949931380701735,949931380681243,0,-0.020492
9429445,949931397540574,949931397540574,949931414140574,949931414127858,0,-0.012716
9429482,949931430975032,949931430975032,949931447575032,949931447583587,0,0.008555
9429519,949931464410554,949931464410554,949931481010554,949931481011076,0,0.000522
9429556,949931497849088,949931497849088,949931514449088,949931514441618,0,-0.007470
9429593,949931531287959,949931531287959,949931547887959,949931547884083,0,-0.003876
9429630,949931564722818,949931564722818,949931581322818,949931581312022,0,-0.010796
9429667,949931598161766,949931598161766,949931614761766,949931614759897,0,-0.001869
9429704,949931631596560,949931631596560,949931648196560,949931648197723,0,0.001163
9429741,949931665035042,949931665035042,949931681635042,949931681633513,0,-0.001529
9429778,949931698473667,949931698473667,949931715073667,949931715058156,0,-0.015511
9429815,949931731911918,949931731911918,949931748511918,949931748506845,0,-0.005073
9429852,949931765345078,949931765345078,949931781945078,949931781931813,0,-0.013265
9429889,949931798781714,949931798781714,949931815381714,949931815375295,0,-0.006419
9429926,949931832217084,949931832217084,949931848817084,949931848791594,0,-0.025490
9429963,949931865653940,949931865653940,949931882253940,949931882253754,0,-0.000186
9430000,949931899085847,949931899085847,949931915685847,949931915664804,0,-0.021043
9430037,949931932523332,949931932523332,949931949123332,949931949105763,0,-0.017569
9430075,949931965954998,949931965954998,949931982554998,949931982550872,0,-0.004126
9430113,949931999386444,949931999386444,949932015986444,949932015975107,0,-0.011337
9430151,949932032823191,949932032823191,949932049423191,949932049411183,0,-0.012008
9430189,949932066255948,949932066255948,949932082855948,949932082854014,0,-0.001934
9430227,949932099687682,949932099687682,949932116287682,949932116292571,0,0.004889
9430265,949932133121914,949932133121914,949932149721914,949932149715748,0,-0.006166
9430303,949932166559200,949932166559200,949932183159200,949932183159026,0,-0.000174
9430322,949932183275109,949932183275109,949932199875109,949932199886118,0,0.011009
9430359,949932216709759,949932216709759,949932233309759,949932233287038,0,-0.022721
9430396,949932250147106,949932250147106,949932266747106,949932266718841,0,-0.028265
9430433,949932283576264,949932283576264,949932300176264,949932300162364,0,-0.013900
9430470,949932317006408,949932317006408,949932333606408,949932333631398,0,0.024990
9430507,949932350439078,949932350439078,949932367039078,949932367028615,0,-0.010463
9430544,949932383879318,949932383879318,949932400479318,949932400469492,0,-0.009826
9430581,949932417309811,949932417309811,949932433909811,949932433908823,0,-0.000988
9430618,949932450743416,949932450743416,949932467343416,949932467337208,0,-0.006208
9430655,949932484177276,949932484177276,949932500777276,949932500768808,0,-0.008468
9430692,949932517610920,949932517610920,949932534210920,949932534189463,0,-0.021457
9430729,949932551041503,949932551041503,949932567641503,949932567624887,0,-0.016616
9430766,949932584472802,949932584472802,949932601072802,949932601061574,0,-0.011228
9430803,949932617901711,949932617901711,949932634501711,949932634485199,0,-0.016512
9430840,949932651332313,949932651332313,949932667932313,949932667925139,0,-0.007174
9430877,949932684762085,949932684762085,949932701362085,949932701368378,0,0.006293
9430914,949932718192520,949932718192520,949932734792520,949932734789479,0,-0.003041
9430951,949932751625578,949932751625578,949932768225578,949932768226043,0,0.000465
9430988,949932785057108,949932785057108,949932801657108,949932801670176,0,0.013068
9431025,949932818490358,949932818490358,949932835090358,949932835094941,0,0.004583
9431062,949932851924647,949932851924647,949932868524647,949932868544402,0,0.019755
9431099,949932885358280,949932885358280,949932901958280,949932901971770,0,0.013490
9431136,949932918797272,949932918797272,949932935397272,949932935402394,0,0.005122
9431173,949932952230756,949932952230756,949932968830756,949932968849334,0,0.018578
9431210,949932985663094,949932985663094,949933002263094,949933002285776,0,0.022682
9431247,949933019099438,949933019099438,949933035699438,949933035722870,0,0.023432
9431284,949933052540759,949933052540759,949933069140759,949933069167613,0,0.026854
9431321,949933085978163,949933085978163,949933102578163,949933102617726,0,0.039563
9431358,949933119418784,949933119418784,949933136018784,949933136060394,0,0.041610
9431395,949933152863188,949933152863188,949933169463188,949933169484508,0,0.021320
9431433,949933186307991,949933186307991,949933202907991,949933202936777,0,0.028786
9431470,949933219750029,949933219750029,949933236350029,949933236387217,0,0.037188
9431508,949933253193434,949933253193434,949933269793434,949933269810517,0,0.017083
9431546,949933286639323,949933286639323,949933303239323,949933303231374,0,-0.007949
9431584,949933320081977,949933320081977,949933336681977,949933336666473,0,-0.015504
9431622,949933353519066,949933353519066,949933370119066,949933370139576,0,0.020510
9431660,949933386955859,949933386955859,949933403555859,949933403573984,0,0.018125
9431674,949933420401593,949933420401593,949933437001593,949933436986094,0,-0.015499
9431681,949933437124459,949933437124459,949933453724459,949933453703827,0,-0.020632
9431694,949933470560524,949933470560524,949933487160524,949933487160167,0,-0.000357
9431707,949933503997744,949933503997744,949933520597744,949933520589813,0,-0.007931
9431720,949933537436971,949933537436971,949933554036971,949933554022308,0,-0.014663
9431733,949933570875440,949933570875440,949933587475440,949933587461029,0,-0.014411
9431770,949933604311149,949933604311149,949933620911149,949933620946706,0,0.035557
9431807,949933637746201,949933637746201,949933654346201,949933654327851,0,-0.018350
9431844,949933671192033,949933671192033,949933687792033,949933687774384,0,-0.017649
9431881,949933704624408,949933704624408,949933721224408,949933721207244,0,-0.017164
9431918,949933738058501,949933738058501,949933754658501,949933754636403,0,-0.022098
9431955,949933771492063,949933771492063,949933788092063,949933788061208,0,-0.030855
9431992,949933804925415,949933804925415,949933821525415,949933821493663,0,-0.031752
9432029,949933838356883,949933838356883,949933854956883,949933854934215,0,-0.022668
9432066,949933871786025,949933871786025,949933888386025,949933888408051,0,0.022026
9432103,949933905218319,949933905218319,949933921818319,949933921855438,0,0.037119
9432140,949933938660806,949933938660806,949933955260806,949933955246715,0,-0.014091
9432177,949933972103740,949933972103740,949933988703740,949933988704966,0,0.001226
9432214,949934005534216,949934005534216,949934022134216,949934022115692,0,-0.018524
9432251,949934038969224,949934038969224,949934055569224,949934055552664,0,-0.016560
9432288,949934072402917,949934072402917,949934089002917,949934088993134,0,-0.009783
9432325,949934105837032,949934105837032,949934122437032,949934122442271,0,0.005239
9432362,949934139269533,949934139269533,949934155869533,949934155866669,0,-0.002864
9432387,949934172704662,949934172704662,949934189304662,949934189324107,0,0.019445
9432400,949934206139678,949934206139678,949934222739678,949934222756602,0,0.016924
9432425,949934239578691,949934239578691,949934256178691,949934256179331,0,0.000640
9432462,949934273016214,949934273016214,949934289616214,949934289624156,0,0.007942
9432499,949934306451025,949934306451025,949934323051025,949934323078136,0,0.027111
9432524,949934339894255,949934339894255,949934356494255,949934356519013,0,0.024758
9432562,949934373334798,949934373334798,949934389934798,949934389965302,0,0.030504
9432600,949934406777429,949934406777429,949934423377429,949934423448253,0,0.070824
9432619,949934423502495,949934423502495,949934440102495,949934440109182,0,0.006687
9432656,949934456954462,949934456954462,949934473554462,949934473532522,0,-0.021940
9432693,949934490391891,949934490391891,949934506991891,949934506983491,0,-0.008400
9432730,949934523825488,949934523825488,949934540425488,949934540420828,0,-0.004660
9432767,949934557262046,949934557262046,949934573862046,949934573868703,0,0.006657
9432804,949934590703093,949934590703093,949934607303093,949934607290497,0,-0.012596
9432841,949934624147918,949934624147918,949934640747918,949934640756928,0,0.009010
9432878,949934657583569,949934657583569,949934674183569,949934674161591,0,-0.021978
9432915,949934691028186,949934691028186,949934707628186,949934707585949,0,-0.042237
9432952,949934724461548,949934724461548,949934741061548,949934741032155,0,-0.029393
9432989,949934757891563,949934757891563,949934774491563,949934774501842,0,0.010279
9433026,949934791323915,949934791323915,949934807923915,949934807906586,0,-0.017329
9433063,949934824764699,949934824764699,949934841364699,949934841340261,0,-0.024438
9433100,949934858196026,949934858196026,949934874796026,949934874780365,0,-0.015661
9433125,949934891629161,949934891629161,949934908229161,949934908211843,0,-0.017318
9433162,949934925062318,949934925062318,949934941662318,949934941665904,0,0.003586
9433199,949934958492465,949934958492465,949934975092465,949934975092866,0,0.000401
9433224,949934991927225,949934991927225,949935008527225,949935008534679,0,0.007454
9433249,949935025361759,949935025361759,949935041961759,949935041973360,0,0.011601
9433286,949935058798039,949935058798039,949935075398039,949935075398896,0,0.000857
9433323,949935092235919,949935092235919,949935108835919,949935108847138,0,0.011219
9433348,949935125677332,949935125677332,949935142277332,949935142261689,0,-0.015643
9433361,949935159114913,949935159114913,949935175714913,949935175752411,0,0.037498
9433386,949935192546011,949935192546011,949935209146011,949935209151013,0,0.005002
9433423,949935225990666,949935225990666,949935242590666,949935242591930,0,0.001264
9433460,949935259426648,949935259426648,949935276026648,949935276023978,0,-0.002670
9433473,949935292865062,949935292865062,949935309465062,949935309455496,0,-0.009566
9433486,949935326300746,949935326300746,949935342900746,949935342897716,0,-0.003030
9433523,949935359739154,949935359739154,949935376339154,949935376369029,0,0.029875
9433560,949935393175201,949935393175201,949935409775201,949935409803560,0,0.028359
9433597,949935426616959,949935426616959,949935443216959,949935443225393,0,0.008434
9433634,949935460058684,949935460058684,949935476658684,949935476683320,0,0.024636
9433672,949935493500974,949935493500974,949935510100974,949935510121796,0,0.020822
9433709,949935526943723,949935526943723,949935543543723,949935543550792,0,0.007069
9433747,949935560385678,949935560385678,949935576985678,949935576981863,0,-0.003815
9433784,949935593825484,949935593825484,949935610425484,949935610423514,0,-0.001970
9433822,949935627263093,949935627263093,949935643863093,949935643847749,0,-0.015344
9433841,949935643983657,949935643983657,949935660583657,949935660565156,0,-0.018501
9433878,949935677419840,949935677419840,949935694019840,949935694019624,0,-0.000216
9433915,949935710856092,949935710856092,949935727456092,949935727418997,0,-0.037095
9433952,949935744296000,949935744296000,949935760896000,949935760856417,0,-0.039583
9433989,949935777725994,949935777725994,949935794325994,949935794278088,0,-0.047906
9434026,949935811157837,949935811157837,949935827757837,949935827717459,0,-0.040378
9434063,949935844583228,949935844583228,949935861183228,949935861145600,0,-0.037628
9434100,949935878016298,949935878016298,949935894616298,949935894577566,0,-0.038732
9434137,949935911443285,949935911443285,949935928043285,949935928027761,0,-0.015524
9434174,949935944869848,949935944869848,949935961469848,949935961446667,0,-0.023181
9434211,949935978299303,949935978299303,949935994899303,949935994895112,0,-0.004191
9434248,949936011724292,949936011724292,949936028324292,949936028347505,0,0.023213
9434285,949936045153222,949936045153222,949936061753222,949936061780651,0,0.027429
9434322,949936078590552,949936078590552,949936095190552,949936095220470,0,0.029918
9434359,949936112027541,949936112027541,949936128627541,949936128658011,0,0.030470
9434372,949936145463923,949936145463923,949936162063923,949936162094088,0,0.030165
9434409,949936178903746,949936178903746,949936195503746,949936195518851,0,0.015105
9434446,949936212344341,949936212344341,949936228944341,949936228969575,0,0.025234
9434483,949936245782050,949936245782050,949936262382050,949936262409476,0,0.027426
9434520,949936279222804,949936279222804,949936295822804,949936295828136,0,0.005332
9434557,949936312665291,949936312665291,949936329265291,949936329260062,0,-0.005229
9434594,949936346102734,949936346102734,949936362702734,949936362706066,0,0.003332
9434631,949936379539785,949936379539785,949936396139785,949936396149833,0,0.010048
9434668,949936412981727,949936412981727,949936429581727,949936429586274,0,0.004547
9434705,949936446420855,949936446420855,949936463020855,949936463150036,0,0.129181
9434742,949936479860646,949936479860646,949936496460646,949936496462943,0,0.002297
9434779,949936513325570,949936513325570,949936529925570,949936529889376,0,-0.036194
9434804,949936546761589,949936546761589,949936563361589,949936563328421,0,-0.033168
9434817,949936580194620,949936580194620,949936596794620,949936596764985,0,-0.029635
9434830,949936613627116,949936613627116,949936630227116,949936630283581,0,0.056465
9434843,949936647060972,949936647060972,949936663660972,949936663624605,0,-0.036367
9434856,949936680510013,949936680510013,949936697110013,949936697199842,0,0.089829
9434869,949936713938142,949936713938142,949936730538142,949936730506807,0,-0.031335
9434882,949936747398507,949936747398507,949936763998507,949936763940726,0,-0.057781
9434895,949936780828388,949936780828388,949936797428388,949936797374565,0,-0.053823
9434920,949936814258167,949936814258167,949936830858167,949936830796968,0,-0.061199
9434957,949936847687733,949936847687733,949936864287733,949936864229748,0,-0.057985
9434994,949936881114412,949936881114412,949936897714412,949936897686168,0,-0.028244
9435013,949936897821104,949936897821104,949936914421104,949936914373425,0,-0.047679
9435050,949936931252495,949936931252495,949936947852495,949936947813733,0,-0.038762
9435087,949936964678155,949936964678155,949936981278155,949936981263643,0,-0.014512
9435124,949936998103217,949936998103217,949937014703217,949937014692313,0,-0.010904
9435161,949937031530465,949937031530465,949937048130465,949937048146984,0,0.016519
9435217,949937081673581,949937081673581,949937098273581,949937098310722,0,0.037141
9435236,949937098389195,949937098389195,949937114989195,949937115005668,0,0.016473
9435273,949937131824053,949937131824053,949937148424053,949937148435965,0,0.011912
9435310,949937165270202,949937165270202,949937181870202,949937181866833,0,-0.003369
9435347,949937198701450,949937198701450,949937215301450,949937215328137,0,0.026687
9435384,949937232130845,949937232130845,949937248730845,949937248761365,0,0.030520
9435421,949937265566388,949937265566388,949937282166388,949937282206473,0,0.040085
9435458,949937299001747,949937299001747,949937315601747,949937315630750,0,0.029003
9435495,949937332450318,949937332450318,949937349050318,949937349066867,0,0.016549
9435532,949937365884760,949937365884760,949937382484760,949937382491467,0,0.006707
9435569,949937399338184,949937399338184,949937415938184,949937415950696,0,0.012512
9435606,949937432774089,949937432774089,949937449374089,949937449389620,0,0.015531
9435631,949937466214997,949937466214997,949937482814997,949937482834403,0,0.019406
9435656,949937499655959,949937499655959,949937516255959,949937516286511,0,0.030552
9435669,949937533096799,949937533096799,949937549696799,949937549895601,0,0.198802
9435706,949937566540063,949937566540063,949937583140063,949937583152601,0,0.012538
9435731,949937600021845,949937600021845,949937616621845,949937616606010,0,-0.015835
9435768,949937633458191,949937633458191,949937650058191,949937650048270,0,-0.009921
9435781,949937666897737,949937666897737,949937683497737,949937683492037,0,-0.005700
9435818,949937700339184,949937700339184,949937716939184,949937716932548,0,-0.006636
9435831,949937733779992,949937733779992,949937750379992,949937750368827,0,-0.011165
9435844,949937767223218,949937767223218,949937783823218,949937783821871,0,-0.001347
9435881,949937800665820,949937800665820,949937817265820,949937817277193,0,0.011373
9435918,949937834108591,949937834108591,949937850708591,949937850720024,0,0.011433
9435955,949937867553155,949937867553155,949937884153155,949937884176526,0,0.023371
9435992,949937900996372,949937900996372,949937917596372,949937917595959,0,-0.000413
9436029,949937934445063,949937934445063,949937951045063,949937951069633,0,0.024570
9436066,949937967887414,949937967887414,949937984487414,949937984492037,0,0.004623
9436103,949938001337478,949938001337478,949938017937478,949938017937064,0,-0.000414
9436141,949938034780084,949938034780084,949938051380084,949938051403983,0,0.023899
9436179,949938068222642,949938068222642,949938084822642,949938084915336,0,0.092694
9436217,949938101667667,949938101667667,949938118267667,949938118288383,0,0.020716
9436255,949938135128398,949938135128398,949938151728398,949938151764620,0,0.036222
9436274,949938151849917,949938151849917,949938168449917,949938168444023,0,-0.005894
9436311,949938185299685,949938185299685,949938201899685,949938201898817,0,-0.000868
9436348,949938218741048,949938218741048,949938235341048,949938235344087,0,0.003039
9436385,949938252206073,949938252206073,949938268806073,949938268781873,0,-0.024200
9436422,949938285650033,949938285650033,949938302250033,949938302223604,0,-0.026429
9436459,949938319093309,949938319093309,949938335693309,949938335662365,0,-0.030944
9436496,949938352535455,949938352535455,949938369135455,949938369112399,0,-0.023056
9436533,949938385976024,949938385976024,949938402576024,949938402547335,0,-0.028689
9436570,949938419417138,949938419417138,949938436017138,949938436012057,0,-0.005081
9436583,949938452854800,949938452854800,949938469454800,949938469448743,0,-0.006057
9436596,949938486297799,949938486297799,949938502897799,949938502883598,0,-0.014201
9436621,949938519740064,949938519740064,949938536340064,949938536319470,0,-0.020594
9436658,949938553180056,949938553180056,949938569780056,949938569766045,0,-0.014011
9436695,949938586619695,949938586619695,949938603219695,949938603221123,0,0.001428
9436732,949938620056941,949938620056941,949938636656941,949938636650200,0,-0.006741
9436769,949938653500269,949938653500269,949938670100269,949938670089978,0,-0.010291
9436806,949938686937863,949938686937863,949938703537863,949938703540052,0,0.002189
9436843,949938720374711,949938720374711,949938736974711,949938736979138,0,0.004427
9436880,949938753816082,949938753816082,949938770416082,949938770414035,0,-0.002047
9436917,949938787265388,949938787265388,949938803865388,949938803856662,0,-0.008726
9436954,949938820705186,949938820705186,949938837305186,949938837298312,0,-0.006874
9436991,949938854149250,949938854149250,949938870749250,949938870747043,0,-0.002207
9437028,949938887588449,949938887588449,949938904188449,949938904179456,0,-0.008993
9437065,949938921030663,949938921030663,949938937630663,949938937630058,0,-0.000605
9437102,949938954471090,949938954471090,949938971071090,949938971065402,0,-0.005688
9437139,949938987912956,949938987912956,949939004512956,949939004536227,0,0.023271
9437176,949939021353010,949939021353010,949939037953010,949939037960421,0,0.007411
9437201,949939054798593,949939054798593,949939071398593,949939071398856,0,0.000263
9437239,949939088241313,949939088241313,949939104841313,949939104849174,0,0.007861
9437277,949939121682100,949939121682100,949939138282100,949939138286715,0,0.004615
9437296,949939138406246,949939138406246,949939155006246,949939155016981,0,0.010735
9437333,949939171849733,949939171849733,949939188449733,949939188451470,0,0.001737
9437370,949939205294236,949939205294236,949939221894236,949939221918551,0,0.024315
9437407,949939238736394,949939238736394,949939255336394,949939255346611,0,0.010217
9437432,949939272184267,949939272184267,949939288784267,949939288789849,0,0.005582
9437445,949939305630328,949939305630328,949939322230328,949939322219902,0,-0.010426
9437482,949939339074635,949939339074635,949939355674635,949939355658054,0,-0.016581
9437519,949939372516284,949939372516284,949939389116284,949939389091525,0,-0.024759
9437556,949939405957612,949939405957612,949939422557612,949939422537855,0,-0.019757
9437593,949939439396625,949939439396625,949939455996625,949939455963311,0,-0.033314
9437630,949939472835786,949939472835786,949939489435786,949939489402763,0,-0.033023
9437667,949939506271271,949939506271271,949939522871271,949939522851738,0,-0.019533
9437704,949939539706203,949939539706203,949939556306203,949939556288628,0,-0.017575
9437741,949939573144138,949939573144138,949939589744138,949939589725477,0,-0.018661
9437778,949939606579747,949939606579747,949939623179747,949939623156426,0,-0.023321
9437815,949939640015586,949939640015586,949939656615586,949939656591973,0,-0.023613
9437852,949939673448412,949939673448412,949939690048412,949939690018202,0,-0.030210
9437877,949939706884596,949939706884596,949939723484596,949939723469943,0,-0.014653
9437914,949939740315911,949939740315911,949939756915911,949939756903822,0,-0.012089
9437951,949939773750365,949939773750365,949939790350365,949939790338026,0,-0.012339
9437988,949939807184972,949939807184972,949939823784972,949939823791314,0,0.006342
9438025,949939840618268,949939840618268,949939857218268,949939857223972,0,0.005704
9438062,949939874056317,949939874056317,949939890656317,949939890664564,0,0.008247
9438099,949939907492375,949939907492375,949939924092375,949939924109388,0,0.017013
9438136,949939940932634,949939940932634,949939957532634,949939957539606,0,0.006972
9438173,949939974373270,949939974373270,949939990973270,949939990981743,0,0.008473
9438198,949940007812875,949940007812875,949940024412875,949940024418959,0,0.006084
9438211,949940041252507,949940041252507,949940057852507,949940057836480,0,-0.016027
9438224,949940074692009,949940074692009,949940091292009,949940091279880,0,-0.012129
9438262,949940108126417,949940108126417,949940124726417,949940124784682,0,0.058265
9438288,949940141563356,949940141563356,949940158163356,949940158141371,0,-0.021985
9438302,949940175013383,949940175013383,949940191613383,949940191580621,0,-0.032762
9438328,949940208445063,949940208445063,949940225045063,949940225013929,0,-0.031134
9438347,949940225159550,949940225159550,949940241759550,949940241722223,0,-0.037327
9438384,949940258592951,949940258592951,949940275192951,949940275164849,0,-0.028102
9438421,949940292024593,949940292024593,949940308624593,949940308594699,0,-0.029894
9438458,949940325456875,949940325456875,949940342056875,949940342037895,0,-0.018980
9438495,949940358887590,949940358887590,949940375487590,949940375471734,0,-0.015856
9438532,949940392318304,949940392318304,949940408918304,949940408905206,0,-0.013098
9438569,949940425749991,949940425749991,949940442349991,949940442358086,0,0.008095
9438606,949940459181258,949940459181258,949940475781258,949940475775445,0,-0.005813
9438643,949940492615690,949940492615690,949940509215690,949940509239882,0,0.024192
9438680,949940526048101,949940526048101,949940542648101,949940542639337,0,-0.008764
9438717,949940559486386,949940559486386,949940576086386,949940576076470,0,-0.009916
9438754,949940592917294,949940592917294,949940609517294,949940609492160,0,-0.025134
9438791,949940626350238,949940626350238,949940642950238,949940642937921,0,-0.012317
9438828,949940659778312,949940659778312,949940676378312,949940676362522,0,-0.015790
9438865,949940693210394,949940693210394,949940709810394,949940709795627,0,-0.014767
9438902,949940726640940,949940726640940,949940743240940,949940743229465,0,-0.011475
9438939,949940760069437,949940760069437,949940776669437,949940776670749,0,0.001312
9438976,949940793499177,949940793499177,949940810099177,949940810103814,0,0.004637
9439013,949940826940334,949940826940334,949940843540334,949940843551609,0,0.011275
9439050,949940860372114,949940860372114,949940876972114,949940876981785,0,0.009671
9439087,949940893807966,949940893807966,949940910407966,949940910413222,0,0.005256
9439124,949940927242464,949940927242464,949940943842464,949940943845066,0,0.002602
9439161,949940960675479,949940960675479,949940977275479,949940977284804,0,0.009325
9439198,949940994108681,949940994108681,949941010708681,949941010746352,0,0.037671
9439236,949941027542525,949941027542525,949941044142525,949941044196262,0,0.053737
9439274,949941060983420,949941060983420,949941077583420,949941077627008,0,0.043588
9439312,949941094427278,949941094427278,949941111027278,949941111062513,0,0.035235
9439350,949941127869433,949941127869433,949941144469433,949941144513930,0,0.044497
9439387,949941161313750,949941161313750,949941177913750,949941177964044,0,0.050294
9439425,949941194759227,949941194759227,949941211359227,949941211410699,0,0.051472
9439462,949941228211141,949941228211141,949941244811141,949941244850519,0,0.039378
9439481,949941244940951,949941244940951,949941261540951,949941261565240,0,0.024289
9439537,949941295109714,949941295109714,949941311709714,949941311744724,0,0.035010
9439544,949941311834974,949941311834974,949941328434974,949941328453425,0,0.018451
9439557,949941345284934,949941345284934,949941361884934,949941361910170,0,0.025236
9439582,949941378731144,949941378731144,949941395331144,949941395352432,0,0.021288
9439619,949941412179617,949941412179617,949941428779617,949941428794000,0,0.014383
9439656,949941445627408,949941445627408,949941462227408,949941462246799,0,0.019391
9439693,949941479074791,949941479074791,949941495674791,949941495717299,0,0.042508
9439730,949941512523243,949941512523243,949941529123243,949941529145196,0,0.021953
9439767,949941545978625,949941545978625,949941562578625,949941562570937,0,-0.007688
9439804,949941579428472,949941579428472,949941596028472,949941596012791,0,-0.015681
9439841,949941612872596,949941612872596,949941629472596,949941629455703,0,-0.016893
9439878,949941646314500,949941646314500,949941662914500,949941662905247,0,-0.009253
9439915,949941679755385,949941679755385,949941696355385,949941696341811,0,-0.013574
9439952,949941713199715,949941713199715,949941729799715,949941729781224,0,-0.018491
9439989,949941746643050,949941746643050,949941763243050,949941763222956,0,-0.020094
9440026,949941780083999,949941780083999,949941796683999,949941796671319,0,-0.012680
9440063,949941813523211,949941813523211,949941830123211,949941830105076,0,-0.018135
9440100,949941846964458,949941846964458,949941863564458,949941863566787,0,0.002329
9440137,949941880404191,949941880404191,949941897004191,949941897000950,0,-0.003241
9440174,949941913848498,949941913848498,949941930448498,949941930436497,0,-0.012001
9440211,949941947290442,949941947290442,949941963890442,949941963889581,0,-0.000861
9440248,949941980729202,949941980729202,949941997329202,949941997331232,0,0.002030
9440285,949942014172443,949942014172443,949942030772443,949942030762750,0,-0.009693
9440322,949942047613498,949942047613498,949942064213498,949942064208632,0,-0.004866
9440359,949942081053305,949942081053305,949942097653305,949942097645318,0,-0.007987
9440396,949942114493960,949942114493960,949942131093960,949942131082127,0,-0.011833
9440433,949942147933078,949942147933078,949942164533078,949942164516575,0,-0.016503
9440470,949942181372254,949942181372254,949942197972254,949942197970310,0,-0.001944
9440507,949942214813648,949942214813648,949942231413648,949942231412043,0,-0.001605
9440532,949942248256524,949942248256524,949942264856524,949942264843643,0,-0.012881
9440546,949942281697468,949942281697468,949942298297468,949942298300226,0,0.002758
9440572,949942315135944,949942315135944,949942331735944,949942331734919,0,-0.001025
9440591,949942331856901,949942331856901,949942348456901,949942348561579,0,0.104678
9440628,949942365298538,949942365298538,949942381898538,949942381886896,0,-0.011642
9440665,949942398760485,949942398760485,949942415360485,949942415319188,0,-0.041297
9440702,949942432197469,949942432197469,949942448797469,949942448760228,0,-0.037241
9440739,949942465632331,949942465632331,949942482232331,949942482240819,0,0.008488
9440752,949942499067967,949942499067967,949942515667967,949942515633315,0,-0.034652
9440765,949942532511123,949942532511123,949942549111123,949942549068984,0,-0.042139
9440778,949942565945950,949942565945950,949942582545950,949942582519221,0,-0.026729
9440791,949942599379296,949942599379296,949942615979296,949942615939265,0,-0.040031
9440828,949942632814502,949942632814502,949942649414502,949942649394708,0,-0.019794
9440841,949942666246831,949942666246831,949942682846831,949942682887548,0,0.040717
9440854,949942699683286,949942699683286,949942716283286,949942716268773,0,-0.014513
9440867,949942733130557,949942733130557,949942749730557,949942749696303,0,-0.034254
9440880,949942766564867,949942766564867,949942783164867,949942783165582,0,0.000715
9440893,949942799996379,949942799996379,949942816596379,949942816563003,0,-0.033376
9440930,949942833434273,949942833434273,949942850034273,949942849983209,0,-0.051064
9440967,949942866862454,949942866862454,949942883462454,949942883453058,0,-0.009396
9441004,949942900288550,949942900288550,949942916888550,949942916885107,0,-0.003443
9441041,949942933722848,949942933722848,949942950322848,949942950315729,0,-0.007119
9441078,949942967154981,949942967154981,949942983754981,949942983773818,0,0.018837
9441115,949943000588029,949943000588029,949943017188029,949943017201634,0,0.013605
9441152,949943034025338,949943034025338,949943050625338,949943050653417,0,0.028079
9441189,949943067474885,949943067474885,949943084074885,949943084074031,0,-0.000854
9441226,949943100914307,949943100914307,949943117514307,949943117508967,0,-0.005340
9441264,949943134349117,949943134349117,949943150949117,949943150954157,0,0.005040
9441301,949943167783769,949943167783769,949943184383769,949943184392267,0,0.008498
9441338,949943201225884,949943201225884,949943217825884,949943217840592,0,0.014708
9441375,949943234662667,949943234662667,949943251262667,949943251269871,0,0.007204
9441412,949943268101365,949943268101365,949943284701365,949943284702041,0,0.000676
9441449,949943301539797,949943301539797,949943318139797,949943318143244,0,0.003447
9441486,949943334974587,949943334974587,949943351574587,949943351581314,0,0.006727
9441523,949943368412130,949943368412130,949943385012130,949943385043349,0,0.031219
9441560,949943401857473,949943401857473,949943418457473,949943418471125,0,0.013652
9441597,949943435301630,949943435301630,949943451901630,949943451930150,0,0.028520
9441634,949943468741868,949943468741868,949943485341868,949943485349217,0,0.007349
9441672,949943502190488,949943502190488,949943518790488,949943518795507,0,0.005019
9441710,949943535629573,949943535629573,949943552229573,949943552250869,0,0.021296
9441729,949943552348096,949943552348096,949943568948096,949943568960058,0,0.011962
9441766,949943585792963,949943585792963,949943602392963,949943602395320,0,0.002357
9441803,949943619234619,949943619234619,949943635834619,949943635857111,0,0.022492
9441840,949943652674201,949943652674201,949943669274201,949943669310765,0,0.036564
9441896,949943702840874,949943702840874,949943719440874,949943719468602,0,0.027728
9441915,949943719568632,949943719568632,949943736168632,949943736186904,0,0.018272
9441952,949943753017054,949943753017054,949943769617054,949943769647435,0,0.030381
9441989,949943786462494,949943786462494,949943803062494,949943803077530,0,0.015036
9442026,949943819911113,949943819911113,949943836511113,949943836492244,0,-0.018869
9442063,949943853357385,949943853357385,949943869957385,949943869945002,0,-0.012383
9442100,949943886797241,949943886797241,949943903397241,949943903383967,0,-0.013274
9442137,949943920240509,949943920240509,949943936840509,949943936824479,0,-0.016030
9442174,949943953681573,949943953681573,949943970281573,949943970263037,0,-0.018536
9442211,949943987121020,949943987121020,949944003721020,949944003684504,0,-0.036516
9442248,949944020559726,949944020559726,949944037159726,949944037106420,0,-0.053306
9442285,949944053993357,949944053993357,949944070593357,949944070549088,0,-0.044269
9442322,949944087425533,949944087425533,949944104025533,949944103960342,0,-0.065191
9442359,949944120856664,949944120856664,949944137456664,949944137389420,0,-0.067244
9442372,949944154284857,949944154284857,949944170884857,949944170821142,0,-0.063715
9442385,949944187708411,949944187708411,949944204308411,949944204249974,0,-0.058437
9442398,949944221132272,949944221132272,949944237732272,949944237683528,0,-0.048744
9442423,949944254556549,949944254556549,949944271156549,949944271099625,0,-0.056924
9442460,949944287979396,949944287979396,949944304579396,949944304539362,0,-0.040034
9442497,949944321397378,949944321397378,949944337997378,949944337973485,0,-0.023893
9442534,949944354819975,949944354819975,949944371419975,949944371393936,0,-0.026039
9442571,949944388245124,949944388245124,949944404845124,949944404827489,0,-0.017635
9442608,949944421669036,949944421669036,949944438269036,949944438257299,0,-0.011737
9442645,949944455093211,949944455093211,949944471693211,949944471693904,0,0.000693
9442682,949944488520795,949944488520795,949944505120795,949944505117407,0,-0.003388
9442719,949944521949409,949944521949409,949944538549409,949944538544164,0,-0.005245
9442756,949944555374688,949944555374688,949944571974688,949944571978817,0,0.004129
9442794,949944588801711,949944588801711,949944605401711,949944605460505,0,0.058794
9442831,949944622230883,949944622230883,949944638830883,949944638864273,0,0.033390
9442850,949944638957692,949944638957692,949944655557692,949944655574315,0,0.016623
9442887,949944672394043,949944672394043,949944688994043,949944689028824,0,0.034781
9442924,949944705828220,949944705828220,949944722428220,949944722442683,0,0.014463
9442961,949944739266533,949944739266533,949944755866533,949944755882462,0,0.015929
9442998,949944772702402,949944772702402,949944789302402,949944789315241,0,0.012839
9443035,949944806138317,949944806138317,949944822738317,949944822755998,0,0.017681
9443072,949944839573984,949944839573984,949944856173984,949944856191747,0,0.017763
9443109,949944873011377,949944873011377,949944889611377,949944889711523,0,0.100146
9443146,949944906448911,949944906448911,949944923048911,949944923057918,0,0.009007
9443183,949944939905514,949944939905514,949944956505514,949944956480444,0,-0.025070
9443220,949944973339743,949944973339743,949944989939743,949944989943741,0,0.003998
9443257,949945006772191,949945006772191,949945023372191,949945023342587,0,-0.029604
9443294,949945040211494,949945040211494,949945056811494,949945056776423,0,-0.035071
9443331,949945073641067,949945073641067,949945090241067,949945090217749,0,-0.023318
9443368,949945107070772,949945107070772,949945123670772,949945123657812,0,-0.012960
9443405,949945140501806,949945140501806,949945157101806,949945157083838,0,-0.017968
9443442,949945173934546,949945173934546,949945190534546,949945190532893,0,-0.001653
9443479,949945207364187,949945207364187,949945223964187,949945223977595,0,0.013408
9443516,949945240796072,949945240796072,949945257396072,949945257391373,0,-0.004699
9443553,949945274229922,949945274229922,949945290829922,949945290866350,0,0.036428
9443590,949945307665153,949945307665153,949945324265153,949945324281266,0,0.016113
9443627,949945341105796,949945341105796,949945357705796,949945357721940,0,0.016144
9443664,949945374540594,949945374540594,949945391140594,949945391162451,0,0.021857
9443701,949945407979089,949945407979089,949945424579089,949945424588069,0,0.008980
9443738,949945441416068,949945441416068,949945458016068,949945458007055,0,-0.009013
9443775,949945474851371,949945474851371,949945491451371,949945491437556,0,-0.013815
9443812,949945508282869,949945508282869,949945524882869,949945524883968,0,0.001099
9443849,949945541714324,949945541714324,949945558314324,949945558293270,0,-0.021054
9443887,949945575148353,949945575148353,949945591748353,949945591757137,0,0.008784
9443925,949945608588618,949945608588618,949945625188618,949945625188696,0,0.000078
9443944,949945625307759,949945625307759,949945641907759,949945641868994,0,-0.038765
9443981,949945658742031,949945658742031,949945675342031,949945675295711,0,-0.046320
9444018,949945692172210,949945692172210,949945708772210,949945708724137,0,-0.048073
9444055,949945725596703,949945725596703,949945742196703,949945742163103,0,-0.033600
9444092,949945759020626,949945759020626,949945775620626,949945775604631,0,-0.015995
9444129,949945792446154,949945792446154,949945809046154,949945809011165,0,-0.034989
9444166,949945825874127,949945825874127,949945842474127,949945842436620,0,-0.037507
9444203,949945859295478,949945859295478,949945875895478,949945875849503,0,-0.045975
9444240,949945892717572,949945892717572,949945909317572,949945909281429,0,-0.036143
9444277,949945926137392,949945926137392,949945942737392,949945942703915,0,-0.033477
9444314,949945959555535,949945959555535,949945976155535,949945976127214,0,-0.028321
9444351,949945992978204,949945992978204,949946009578204,949946009558325,0,-0.019879
9444388,949946026398088,949946026398088,949946042998088,949946042968482,0,-0.029606
9444425,949946059820187,949946059820187,949946076420187,949946076399675,0,-0.020512
9444462,949946093240549,949946093240549,949946109840549,949946109831518,0,-0.009031
9444499,949946126662002,949946126662002,949946143262002,949946143246314,0,-0.015688
9444536,949946160083685,949946160083685,949946176683685,949946176679338,0,-0.004347
9444573,949946193503282,949946193503282,949946210103282,949946210105119,0,0.001837
9444610,949946226927180,949946226927180,949946243527180,949946243533057,0,0.005877
9444647,949946260349004,949946260349004,949946276949004,949946276948014,0,-0.000990
9444684,949946293776270,949946293776270,949946310376270,949946310389136,0,0.012866
9444721,949946327202011,949946327202011,949946343802011,949946343819108,0,0.017097
9444758,949946360627863,949946360627863,949946377227863,949946377250261,0,0.022398
9444783,949946394054461,949946394054461,949946410654461,949946410686947,0,0.032486
9444796,949946427482389,949946427482389,949946444082389,949946444115210,0,0.032821
9444821,949946460914486,949946460914486,949946477514486,949946477548967,0,0.034481
9444858,949946494348969,949946494348969,949946510948969,949946510977515,0,0.028546
9444883,949946527782582,949946527782582,949946544382582,949946544426571,0,0.043989
9444920,949946561216552,949946561216552,949946577816552,949946577831681,0,0.015129
9444957,949946594653128,949946594653128,949946611253128,949946611285214,0,0.032086
9444982,949946628085219,949946628085219,949946644685219,949946644712012,0,0.026793
9445037,949946711665892,949946711665892,949946728265892,949946728265194,0,-0.000698
9445074,949946745102337,949946745102337,949946761702337,949946761694800,0,-0.007537
9445111,949946778533911,949946778533911,949946795133911,949946795109432,0,-0.024479
9445148,949946811963038,949946811963038,949946828563038,949946828535458,0,-0.027580
9445173,949946845389172,949946845389172,949946861989172,949946861993344,0,0.004172
9445210,949946878815224,949946878815224,949946895415224,949946895383399,0,-0.031825
9445248,949946912246830,949946912246830,949946928846830,949946928877621,0,0.030791
9445286,949946945669995,949946945669995,949946962269995,949946962237118,0,-0.032877
9445324,949946979106912,949946979106912,949946995706912,949946995667050,0,-0.039862
9445343,949946995813586,949946995813586,949947012413586,949947012359026,0,-0.054560
9445380,949947029234369,949947029234369,949947045834369,949947045794572,0,-0.039797
9445417,949947062652549,949947062652549,949947079252549,949947079209164,0,-0.043385
9445454,949947096072496,949947096072496,949947112672496,949947112627783,0,-0.044713
9445491,949947129490155,949947129490155,949947146090155,949947146073666,0,-0.016489
9445504,949947162907505,949947162907505,949947179507505,949947179518897,0,0.011392
9445517,949947196328721,949947196328721,949947212928721,949947212914730,0,-0.013991
9445530,949947229754390,949947229754390,949947246354390,949947246346859,0,-0.007531
9445555,949947263173397,949947263173397,949947279773397,949947279776953,0,0.003556
9445592,949947296597080,949947296597080,949947313197080,949947313202816,0,0.005736
9445629,949947330018763,949947330018763,949947346618763,949947346628353,0,0.009590
9445666,949947363444419,949947363444419,949947380044419,949947380049252,0,0.004833
9445703,949947396870216,949947396870216,949947413470216,949947413509457,0,0.039241
9445740,949947430294398,949947430294398,949947446894398,949947446912492,0,0.018094
9445777,949947463727423,949947463727423,949947480327423,949947480339210,0,0.011787
9445814,949947497153438,949947497153438,949947513753438,949947513779965,0,0.026527
9445851,949947530579593,949947530579593,949947547179593,949947547212786,0,0.033193
9445888,949947564013318,949947564013318,949947580613318,949947580644915,0,0.031597
9445913,949947597444080,949947597444080,949947614044080,949947614093319,0,0.049239
9445950,949947630884424,949947630884424,949947647484424,949947647513405,0,0.028981
9445987,949947664321641,949947664321641,949947680921641,949947680943539,0,0.021898
9446024,949947697756981,949947697756981,949947714356981,949947714367489,0,0.010508
9446061,949947731190093,949947731190093,949947747790093,949947747812110,0,0.022017
9446098,949947764622719,949947764622719,949947781222719,949947781238054,0,0.015335
9446135,949947798057098,949947798057098,949947814657098,949947814683773,0,0.026675
9446172,949947831489278,949947831489278,949947848089278,949947848115414,0,0.026136
9446209,949947864926594,949947864926594,949947881526594,949947881545998,0,0.019404
9446246,949947898366033,949947898366033,949947914966033,949947915033830,0,0.067797
9446283,949947931801162,949947931801162,949947948401162,949947948406674,0,0.005512
9446321,949947965248419,949947965248419,949947981848419,949947981827898,0,-0.020521
9446359,949947998681967,949947998681967,949948015281967,949948015278093,0,-0.003874
9446397,949948032112613,949948032112613,949948048712613,949948048702492,0,-0.010121
9446416,949948048829877,949948048829877,949948065429877,949948065404599,0,-0.025278
9446453,949948082260520,949948082260520,949948098860520,949948098832496,0,-0.028024
9446490,949948115692092,949948115692092,949948132292092,949948132251319,0,-0.040773
9446527,949948149119344,949948149119344,949948165719344,949948165673113,0,-0.046231
9446564,949948182543142,949948182543142,949948199143142,949948199108945,0,-0.034197
9446601,949948215966026,949948215966026,949948232566026,949948232541969,0,-0.024057
9446638,949948249390123,949948249390123,949948265990123,949948265966327,0,-0.023796
9446675,949948282814832,949948282814832,949948299414832,949948299386614,0,-0.028218
9446712,949948316240548,949948316240548,949948332840548,949948332824399,0,-0.016149
9446749,949948349662925,949948349662925,949948366262925,949948366241392,0,-0.021533
9446786,949948383087300,949948383087300,949948399687300,949948399669736,0,-0.017564
9446823,949948416507899,949948416507899,949948433107899,949948433096289,0,-0.011610
9446860,949948449930303,949948449930303,949948466530303,949948466525653,0,-0.004650
9446897,949948483351997,949948483351997,949948499951997,949948499974912,0,0.022915
9446934,949948516776176,949948516776176,949948533376176,949948533406552,0,0.030376
9446971,949948550205755,949948550205755,949948566805755,949948566831844,0,0.026089
9447008,949948583636137,949948583636137,949948600236137,949948600258440,0,0.022303
9447045,949948617073663,949948617073663,949948633673663,949948633717953,0,0.044290
9447082,949948650504240,949948650504240,949948667104240,949948667107114,0,0.002874
9447119,949948683940713,949948683940713,949948700540713,949948700557880,0,0.017167
9447156,949948717370744,949948717370744,949948733970744,949948733987445,0,0.016701
9447193,949948750805398,949948750805398,949948767405398,949948767405047,0,-0.000351
9447230,949948784238888,949948784238888,949948800838888,949948800849179,0,0.010291
9447267,949948817669745,949948817669745,949948834269745,949948834277240,0,0.007495
9447304,949948851102634,949948851102634,949948867702634,949948867699034,0,-0.003600
9447341,949948884534141,949948884534141,949948901134141,949948901199155,0,0.065014
9447378,949948917964437,949948917964437,949948934564437,949948934561500,0,-0.002937
9447415,949948951410422,949948951410422,949948968010422,949948967989072,0,-0.021350
9447452,949948984840118,949948984840118,949949001440118,949949001458515,0,0.018397
9447489,949949018268163,949949018268163,949949034868163,949949034848447,0,-0.019716
9447526,949949051705579,949949051705579,949949068305579,949949068273008,0,-0.032571
9447563,949949085132154,949949085132154,949949101732154,949949101726946,0,-0.005208
9447600,949949118556990,949949118556990,949949135156990,949949135171934,0,0.014944
9447637,949949151986929,949949151986929,949949168586929,949949168576556,0,-0.010373
9447675,949949185419335,949949185419335,949949202019335,949949202002419,0,-0.016916
9447713,949949218847571,949949218847571,949949235447571,949949235435687,0,-0.011884
9447751,949949252275668,949949252275668,949949268875668,949949268903623,0,0.027955
9447770,949949268988579,949949268988579,949949285588579,949949285600156,0,0.011577
9447807,949949302424007,949949302424007,949949319024007,949949319036761,0,0.012754
9447844,949949335858647,949949335858647,949949352458647,949949352473854,0,0.015207
9447881,949949369289416,949949369289416,949949385889416,949949385893857,0,0.004441
9447937,949949419439520,949949419439520,949949436039520,949949436053281,0,0.013761
9447956,949949436155405,949949436155405,949949452755405,949949452754290,0,-0.001115
9447993,949949469588347,949949469588347,949949486188347,949949486205096,0,0.016749
9448030,949949503019078,949949503019078,949949519619078,949949519623594,0,0.004516
9448067,949949536453949,949949536453949,949949553053949,949949553068012,0,0.014063
9448104,949949569884277,949949569884277,949949586484277,949949586510923,0,0.026646
9448141,949949603326453,949949603326453,949949619926453,949949619942482,0,0.016029
9448178,949949636762693,949949636762693,949949653362693,949949653373919,0,0.011226
9448215,949949670197719,949949670197719,949949686797719,949949686811502,0,0.013783
9448252,949949703637246,949949703637246,949949720237246,949949720246763,0,0.009517
9448289,949949737072439,949949737072439,949949753672439,949949753674579,0,0.002140
9448326,949949770506627,949949770506627,949949787106627,949949787125506,0,0.018879
9448363,949949803941961,949949803941961,949949820541961,949949820565285,0,0.023324
9448376,949949837382710,949949837382710,949949853982710,949949853999002,0,0.016292
9448413,949949870820830,949949870820830,949949887420830,949949887441344,0,0.020514
9448426,949949904257568,949949904257568,949949920857568,949949920882057,0,0.024489
9448451,949949937695367,949949937695367,949949954295367,949949954311502,0,0.016135
9448488,949949971137873,949949971137873,949949987737873,949949987752378,0,0.014505
9448525,949950004577024,949950004577024,949950021177024,949950021195412,0,0.018388
9448562,949950038017131,949950038017131,949950054617131,949950054634662,0,0.017531
9448599,949950071459397,949950071459397,949950088059397,949950088071023,0,0.011626
9448636,949950104899776,949950104899776,949950121499776,949950121504616,0,0.004840
9448673,949950138340564,949950138340564,949950154940564,949950154964211,0,0.023647
9448686,949950171778726,949950171778726,949950188378726,949950188368631,0,-0.010095
9448723,949950205223174,949950205223174,949950221823174,949950221804095,0,-0.019079
9448761,949950238657865,949950238657865,949950255257865,949950255265521,0,0.007656
9448774,949950272093063,949950272093063,949950288693063,949950288680560,0,-0.012503
9448799,949950305534401,949950305534401,949950322134401,949950322116392,0,-0.018009
9448824,949950338970040,949950338970040,949950355570040,949950355547463,0,-0.022577
9448837,949950372404662,949950372404662,949950389004662,949950388987770,0,-0.016892
9448850,949950405837833,949950405837833,949950422437833,949950422437030,0,-0.000803
9448864,949950439272069,949950439272069,949950455872069,949950455873880,0,0.001811
9448878,949950472707268,949950472707268,949950489307268,949950489312152,0,0.004884
9448892,949950506144130,949950506144130,949950522744130,949950522729511,0,-0.014619
9448906,949950539581502,949950539581502,949950556181502,949950556343931,0,0.162429
9448919,949950573014245,949950573014245,949950589614245,949950589596617,0,-0.017628
9448933,949950606485711,949950606485711,949950623085711,949950623125669,0,0.039958
9448947,949950639915094,949950639915094,949950656515094,949950656499163,0,-0.015931
9448966,949950656644561,949950656644561,949950673244561,949950673209857,0,-0.034704
9449003,949950690079170,949950690079170,949950706679170,949950706749570,0,0.070400
9449028,949950723513084,949950723513084,949950740113084,949950740083149,0,-0.029935
9449041,949950756968323,949950756968323,949950773568323,949950773523293,0,-0.045030
9449054,949950790400784,949950790400784,949950807000784,949950807072976,0,0.072192
9449067,949950823833473,949950823833473,949950840433473,949950840395567,0,-0.037906
9449080,949950857293050,949950857293050,949950873893050,949950873910582,0,0.017532
9449093,949950890722498,949950890722498,949950907322498,949950907294411,0,-0.028087
9449106,949950924168432,949950924168432,949950940768432,949950940737079,0,-0.031353
9449120,949950957724574,949950957724574,949950974324574,949951012489399,1,38.164825
9449132,949950974324614,949950974324614,949950990924614,949950990882099,0,-0.042515
9449139,949950991038662,949950991038662,949951007638662,949951007590350,0,-0.048312
9449159,949951024469203,949951024469203,949951041069203,949951041042378,0,-0.026825
9449172,949951057896926,949951057896926,949951074496926,949951074471821,0,-0.025105
9449185,949951091327812,949951091327812,949951107927812,949951107909849,0,-0.017963
9449198,949951124758075,949951124758075,949951141358075,949951141340799,0,-0.017276
9449211,949951158188555,949951158188555,949951174788555,949951174786152,0,-0.002403
9449224,949951191617662,949951191617662,949951208217662,949951208235045,0,0.017383
9449237,949951225045928,949951225045928,949951241645928,949951241676004,0,0.030076
9449250,949951258499164,949951258499164,949951275099164,949951275112852,0,0.013688
9449275,949951291931790,949951291931790,949951308531790,949951308541359,0,0.009569
9449312,949951325374754,949951325374754,949951341974754,949951341994159,0,0.019405
9449337,949951358808853,949951358808853,949951375408853,949951375535745,0,0.126892
9449350,949951392244780,949951392244780,949951408844780,949951408863544,0,0.018764
9449387,949951425715704,949951425715704,949951442315704,949951442329527,0,0.013823
9449400,949951459148868,949951459148868,949951475748868,949951475739399,0,-0.009469
9449413,949951492587901,949951492587901,949951509187901,949951509172097,0,-0.015804
9449426,949951526034971,949951526034971,949951542634971,949951542744648,0,0.109677
9449439,949951559467165,949951559467165,949951576067165,949951576027729,0,-0.039436
9449452,949951592938374,949951592938374,949951609538374,949951609467345,0,-0.071029
9449465,949951626367550,949951626367550,949951642967550,949951642914040,0,-0.053510
9449490,949951659798278,949951659798278,949951676398278,949951676339334,0,-0.058944
9449503,949951693229689,949951693229689,949951709829689,949951709770405,0,-0.059284
9449558,949951743376532,949951743376532,949951759976532,949951759953430,0,-0.023102
9449577,949951760095919,949951760095919,949951776695919,949951776635354,0,-0.060565
9449590,949951793518342,949951793518342,949951810118342,949951810080748,0,-0.037594
9449603,949951826943663,949951826943663,949951843543663,949951843505268,0,-0.038395
9449628,949951860370084,949951860370084,949951876970084,949951876947895,0,-0.022189
9449665,949951893795040,949951893795040,949951910395040,949951910392109,0,-0.002931
9449690,949951927223063,949951927223063,949951943823063,949951943824482,0,0.001419
9449727,949951960653481,949951960653481,949951977253481,949951977353575,0,0.100094
9449752,949951994083405,949951994083405,949952010683405,949952010713154,0,0.029749
9449777,949952027532149,949952027532149,949952044132149,949952044141987,0,0.009838
9449814,949952060965331,949952060965331,949952077565331,949952077585021,0,0.019690
9449851,949952094410833,949952094410833,949952111010833,949952111026264,0,0.015431
9449864,949952127845619,949952127845619,949952144445619,949952144470193,0,0.024574
9449889,949952161285498,949952161285498,949952177885498,949952177898009,0,0.012511
9449926,949952194723971,949952194723971,949952211323971,949952211343606,0,0.019635
9449963,949952228160144,949952228160144,949952244760144,949952244785907,0,0.025763
9449988,949952261616306,949952261616306,949952278216306,949952278213561,0,-0.002745
9450013,949952295055808,949952295055808,949952311655808,949952311643451,0,-0.012357
9450050,949952328493216,949952328493216,949952345093216,949952345087178,0,-0.006038
9450087,949952361930260,949952361930260,949952378530260,949952378506367,0,-0.023893
9450124,949952395367418,949952395367418,949952411967418,949952411943745,0,-0.023673
9450161,949952428799747,949952428799747,949952445399747,949952445386088,0,-0.013659
9450198,949952462235869,949952462235869,949952478835869,949952478835102,0,-0.000767
9450235,949952495668922,949952495668922,949952512268922,949952512266987,0,-0.001935
9450272,949952529105421,949952529105421,949952545705421,949952545715962,0,0.010541
9450309,949952562538931,949952562538931,949952579138931,949952579154438,0,0.015507
9450346,949952595975460,949952595975460,949952612575460,949952612613382,0,0.037922
9450383,949952629412705,949952629412705,949952646012705,949952646054056,0,0.041351
9450457,949952696306783,949952696306783,949952712906783,949952712895161,0,-0.011622
9450482,949952729747555,949952729747555,949952746347555,949952746356139,0,0.008584
9450519,949952763182562,949952763182562,949952779782562,949952779784525,0,0.001963
9450556,949952796623216,949952796623216,949952813223216,949952813224832,0,0.001616
9450581,949952830062068,949952830062068,949952846662068,949952846684549,0,0.022481
9450619,949952863502340,949952863502340,949952880102340,949952880119079,0,0.016739
9450657,949952896945899,949952896945899,949952913545899,949952913543720,0,-0.002179
9450682,949952930389185,949952930389185,949952946989185,949952946992370,0,0.003185
9450720,949952963829952,949952963829952,949952980429952,949952980436095,0,0.006143
9450758,949952997271841,949952997271841,949953013871841,949953013858092,0,-0.013749
9451827,949954468631563,949954468631563,949954485231563,949954568681539,1,83.449976
